4+4
(5-3)^3
x = c(4,5,6) #assigns variable set
x<-c(4,5,6)

